-1.5922201729601801
8.806107084722132
306.31268061512765
-2.6884608199135127
1072.4231203105714
-1.4286390287962565
2.233295646714261
178.04538329558486
-19.684125985759575
6.8596739699990295
-4.259839667599458
1.7772826618513564
6.524140555868001
-0.03789954179530408
-18.72631727809678
45.94179249959805
16.261654295406718
-2.336134621732654
41.64832828075874
-5.063410611885046
3.731667383587721
3.2547416712213515
1.4309340651336977
34.68015580673159
77.17037349837118
4.250282998604078
45.15990086877332
-12.260144009226071
-10.927958918244592
11.27081603416271
-5.455604136014289
5.697711932189628
10.70740199512424
368.9953454956496
19.725707538702565
214.69864625304632
-3.6091841412740684
2.2934018010661408
-3.575979433156952
4.3181176892320705
-0.991456567333694
52.69191060168282
33.14959898390066
-9.167286762924478
43.86902087482393
4.59567720511097
0.5773524032848137
3.6927058532045907
40.49766057254556
-14.345455806428323
-6.0326150282138595
-1.0604941686833582
-2.0067913193884905
3513.9948448820583
2.2204792837451524
2.5869813401045207
3.4270488154470358
3.419605239070497
3.2364196472713114
3.0089285501804817
-7.606304571111554
9.33837525142066
47.2820054787281
45702.013633473165
60.3520521330234
312.65507147914843
23.496191103874395
186.76525870079175
-0.2201622953712845
-3.023890921011805
2.99958338847837
-1.2377189137235294
-5.874955537404239
-2.518920472772751
8.401799941193218
6.55195393064501
9.841526076298685
-44.249044116485116
16.518360355374572
48.52374315453247
183.45110909995498
-0.6515754215380807
4.2864530066937405
8.709165149467367
23.964078370121797
391.69409387346553
-0.19149557824005958
-1.9016401992289438
-9.989964723595644
140.7146053094863
191.62548668391761
5.5563767133346325
13.804656307582675
4.632575372503222
12.576732151946157
5.766661748465687
0.5784229261957017
3.0076652334180736
-0.17608582434159373
118.99972392087813
499.40197935130755
8.680936017496137
0.947292945912575
2.0976392714999927
8343.725013827629
15259.148044442178
4808.302612615914
382.56730792727706
-2.9472545161245667
16644.09853891521
3342.977852887103
-25.205699370704473
2999.0949269577886
109825.5924295866
-0.20381089084962356
2357.136006141245
29565.925002557997
8874.63971006109
13628.102582896801
918.8871058771647
1622.633411852788
-4.826246260614956
8614.346896301127
10797.61425576665
380.84046547476277
19473.85938057392
37.242979971631804
45800.31953844412
15877.425385958291
803.0294200178257
588.3149753191698
-1.968341307577343
29324.401056026018
15420.63482519896
4956.986457428127
256.23813694989224
2.3361704403270434
12105.490951239499
2013.5557319929985
-8.648930978019356
7793.070339902464
4120.2643561667255
2.845397221030778
368660.25726891076
10517.543695587545
24955.582888342607
13.569257671039962
11797.449340783953
410.705598950821
15888.34536079139
133.42148723124185
8785.390964982724
28728.2063729285
29286.01453040844
29643.648466813363
49508.40243497989
248.48816447226892
415.97237199390804
1.1060527587848656
16294.075319516609
132077.7527190714
2942.2940475883215
8687.470860508363
861.5343410352956
147418.5752780139
833.5533303146293
55974.62559119955
1442.700790014345
4.959320266049346
8489.1656428569
46466.485202273376
668.4425343093337
61265.51748103797
-1.2161310018039213
25812.113899916214
2571.7804985613193
3379.6462942713956
-10.346404793756106
913.6123780778053
244352.10223305607
7.525276871885868
25409.627270245863
1390.6888845857143
16.90648196694847
15305.050414169586
8063.4386125684505
7152.929033325734
746907.2081693793
2475.42395417648
19584.66556245976
339.12358382271987
60090.183126338095
3475.7568339291665
-11.070150873743726
17167.29557246232
45524.04121538202
5729.9063801552375
19418.24139673651
2301.424475756821
29121.92581833836
473.8790805124549
0.13976755108750533
-11.325786418946194
4.67435172229043
8364.935719314644
15264.317410776994
4820.149068772696
403.740856574627
3.755930949981594
16634.22756982605
3354.4504760172927
-7.872383166636783
2985.9608391897846
109799.45004194946
3.328652114594692
2359.822955705361
29575.087981438985
8848.59493604609
13631.761680800011
905.6160671874057
1642.211151215611
7.5915067072245765
8623.241220519076
10795.569024922159
368.6302298033613
19487.482014384128
39.0912294271787
45800.96133208512
15870.29990915355
777.9343112626261
592.1311718398179
-3.5873331128217982
29323.176693745598
15417.267220881087
4936.966838071629
238.11465882158808
-17.023768319777062
12081.910495545191
2030.3467553974906
-10.692923839286506
7819.363522969291
4111.055838478607
-1.136839946381908
368652.1700052054
10501.77004821016
24964.597396482586
-2.251495473015579
11802.44149421814
412.2455450050362
15862.951275622314
143.24258187976224
8757.729299938355
28715.044946041224
29290.84999556906
29639.167418851877
49515.66042116577
216.59934198996297
422.79691280221704
-19.072225237142476
16289.736124010813
132094.0617494573
2961.9819856327967
8691.677388385231
845.217474172041
147427.12924429838
843.8428123856461
55994.56991156308
1457.8200509312728
-38.927518919191996
8481.452687991206
46450.33404425584
647.932737672117
61283.623924883366
1.9526250561720357
25815.97579557509
2554.8268905952345
3353.6334478472545
-2.735125085636401
894.472273874338
244342.00939058608
6.302250097052535
25409.50117321019
1379.3198556138032
5.341727322088615
15320.830983750333
8042.921082254078
7142.887740551969
746902.9960286065
2487.2184276443795
19583.237882902762
350.45988947289396
60111.46917537188
3496.0584788443302
5.2868463060741
17166.32363321534
45514.77188753585
5688.332379134217
19428.977808341235
2300.6072024623304
29109.88433491379
