15.654995312614496
-5.169819083208042
282.33677346022796
-1.9241096676241423
1073.0382882411534
-0.4335250276278206
8.275793409560308
196.00099412756555
6.978650544343151
9.411401204414062
1.1478874147129265
0.09794183558671032
16.821732317098864
0.08597499885405124
-2.8330794265460733
51.322938397065144
-2.6329490458561167
6.721525177464472
17.135380372431904
-5.3381068421693225
7.787931248943151
-8.609760194448727
1.2173841090647881
35.78635731888444
71.3138675532443
6.93803297072693
24.41068084168205
20.923574965267772
8.628106290639113
13.207022115803397
-2.844493969552756
2.167628100865152
8.299600214151994
372.4750043275121
-3.4106580822394457
178.87605344140985
-2.279401597439227
-14.733798844193077
6.382405055850588
-3.2398966033198446
-39.82680204020073
42.49831689711349
18.32344871358316
-6.520934429753026
57.560422911487194
41.063926324930904
-2.8714625572042465
-1.7781592546187532
19.568955080044
-13.3914717157005
0.771991798186221
1.3508693924383923
-7.838897033587296
3517.168206166733
13.945623265577074
6.990240504488009
5.123770826370399
3.0949274270044502
5.817810503505022
5.848734732745915
0.551859292281497
21.39046735029127
42.79330190687561
45686.27920795548
63.27177915540024
314.51625371323536
14.033473577218663
162.75949172715468
3.670102502469846
16.875418596537607
28.939437138316283
-5.351057229728841
14.499265903290263
-0.06831650280528123
11.592551217391978
3.251670564314269
25.52051581669532
-28.256695470725205
18.977234960354814
30.329317217227565
193.1472084261265
8.969859489239171
16.21825015993533
14.181678465331235
24.653591876682285
400.4280586190172
5.664844327008028
3.0556323139800554
-12.732178990181376
135.24535702625832
191.02369291351988
-3.523289100921208
-3.538362883328274
19.05993142670629
-1.4702611646327028
7.454698669882467
8.991030803247579
9.07549249195226
4.089563099592292
106.45861796858537
