9.455840573448661
-18.229300624739768
296.1320909750867
-3.563775114796055
1056.9036529028574
1.493655098147269
9.615638000030707
184.3390265900192
-2.3101499312024343
-4.8431870661505
3.369073699578868
-7.266377472167761
7.011900191339786
17.65583648988694
2.7019526720179106
49.83504565274959
-5.371983577070382
9.617475805162151
39.67969607219115
-20.476563561816906
11.357214589180272
12.288498523638218
-9.189406142661936
38.713251653127784
85.76032037976337
-0.10820598932104453
19.74975373208445
-2.0114846473281904
12.859665328630363
4.5423618326486235
7.6125623253675245
30.310323518633208
20.705589160382686
361.80503296817596
3.1215367001668097
240.35240040989066
-21.969143972151475
-28.001956715314844
-6.2840460008274075
-28.49180173678573
14.733395935036155
59.299985241184956
-2.973818564673934
-3.5195413291883
51.04537342046527
3.077226892397866
0.6032577204161879
-2.649443756669037
45.57162957735442
15.692981516014983
27.27859437867095
13.687615801959653
11.028527682559716
3519.320778661096
-11.904922717856707
3.45797097235656
11.507175099427313
-19.952804290934413
22.511343619080904
-3.6875891475490468
28.244855610318005
-0.9845739600262282
61.62561378786094
45688.85601596766
61.539894132693824
302.3146499087717
13.324262625823229
156.5436309129681
-3.6730593557884674
4.344032509656412
-8.260741967463991
10.45957802319525
-2.62801976001613
3.0356831261494888
-8.801434510709488
-24.995985767779633
-4.652602727310267
15.895324677572233
22.166287277053506
50.4665266784073
185.12797947301178
23.467155051262374
6.529711902371003
19.360951418791178
35.45429224007978
402.2720438118335
12.911239314536408
1.741799872212679
0.5938985135742727
134.06670140923603
172.14466561345907
-3.433023356584162
10.888949712741594
25.775651692405788
-0.6853415737435051
15.56754125816719
3.1253999272996977
-4.855820137246351
10.904065901140342
107.71755088003492
