490.133869603744
0.9196113810026103
-0.3939681008210514
21.407767281684205
8352.589556333474
15236.153188247343
4836.816925036901
400.5788915032078
-11.55611665176374
16632.63863951058
3356.569923579562
3.6442853510140356
3012.180179037243
109780.61475769809
1.6607693268281136
2357.838601178208
29583.885414627377
8847.220766099452
13616.060492208466
907.8475223797982
1619.529812566609
3.9191598135154098
8631.689983884695
10786.555730632841
390.9281131684885
19466.338324927798
35.108055742538035
45787.027376455626
15914.346187252098
793.3422034243841
586.6814196271542
3.556741008317082
29309.112058894443
15392.647423749317
4942.542492795758
232.16324994466547
10.964313281839058
12084.018620340694
2018.441207275444
1.5031020412582015
7786.644103004619
4076.514314133416
23.24513628331885
368658.3675688499
10532.04147730604
24991.531725742047
8.552171412418105
11790.162100717795
362.5115244393453
15877.21642689486
150.27832282445823
8762.269242868226
28724.140553282276
29279.087716549086
29609.428657549328
49521.52948965839
237.26170787383202
431.87153465426735
-1.130220170226707
16285.813405293411
132075.2125709098
2950.301543628357
8664.719970640876
862.8200207979841
147420.54019236428
861.9459087319241
55976.86076526268
1454.595319620031
15.663388771237308
8477.06036752256
46452.81378421635
661.858108310554
61267.44374560509
-31.75495861170079
25811.175516515177
2576.685204789107
3313.185013411286
-28.896202161485128
889.1675051393956
244346.62679244758
-19.40131973917811
25386.40258258423
1367.1825448724019
9.457578202865768
15319.956528808589
8055.622579171074
7146.769697420165
746900.3187743105
2473.551349072054
19586.45838122587
348.67001617192045
60095.49166636163
3465.9415188294456
9.028501254349964
17157.682910845924
45510.66136420256
5728.065026374861
19429.9412805601
2304.623663787237
29124.293653044977
