374.37375232748775
15.591126383745696
-65.33232991516839
137.50056377426333
8422.56554339999
15255.323638308542
4787.575133908438
421.92883224690155
170.49300139838167
16838.13956690633
3304.4748535724702
-65.49689263996328
3029.7813606552927
109948.82151425142
-43.4581857914888
2413.6244935476816
29606.766931893028
8808.113332729843
13675.292753159923
1050.449152874636
1626.9469313574996
84.60203135236418
8633.131478581727
10943.315522978735
356.83141722889303
19455.493312612158
-29.87291429914427
45945.13240005147
15816.734488393775
758.1608791011902
535.4108211187482
54.10575785694559
29512.493105383033
15477.055563644008
4961.161454102605
246.78405974416984
75.86881243965051
12338.011932484942
2051.4488039247576
-8.502570364373835
7947.585190393296
3945.7847313089233
50.45076985311091
368820.1986143536
10658.286629804563
24993.325380067527
-7.108441757140939
11826.347119446431
371.320565996571
15932.270029321187
55.782350641660386
8754.620603462032
28726.56507802214
29347.315470202437
29696.462543439935
49613.35443715156
221.75060760592493
575.9066670195155
-2.6351806853732294
16213.577221935579
132081.87730715977
3164.139978627243
8621.502417746819
795.1629575757601
147177.54453378226
788.3050987467599
56024.99420331738
1470.0843593887237
-76.29494771539511
8542.875091842041
46456.389726785375
631.468211127429
61307.59977460253
121.32684237399073
25840.709561606815
2562.0417786738194
3251.270140702029
44.049185884016865
994.5996682030737
244420.31553512067
98.82886933636371
25585.585598842415
1314.6765214373277
-156.1079018799874
15352.133492911697
8128.204129950401
7129.587307739932
746930.2319084273
2495.5868437480194
19556.638278590566
203.2555264972388
60074.63331289471
3491.395776051688
-22.846350858543847
17182.77062761852
45519.72936367478
5758.321282885712
19366.03494590054
2198.9842286156813
29160.83125617049
