488.6894611522117
1.535263232934123
10.293071034626669
-4.249162436189818
8344.994305454631
15248.945434795547
4832.112165855379
386.5524944059835
-4.6297088136357845
16645.553974388917
3350.2834583705258
0.5583825079268742
3004.5494120590847
109759.07928993148
0.7165415953239835
2340.1551928455124
29565.407473801417
8856.085283999912
13629.988738879765
923.4994033736725
1623.2955296930077
-8.32550342092318
8636.648321784836
10798.172962973546
356.8346457712543
19486.58773453455
43.169559414259666
45800.09745804952
15875.464525232981
756.8567084758055
602.4739997241206
3.45700421763859
29326.480154106303
15434.161822759266
4940.99951915882
235.67309901732585
-13.776080740009503
12096.032444194614
2015.488750478195
3.542951933169925
7818.742716557082
4120.704333482877
-17.374945292100026
368664.10681951913
10510.414770360414
24958.04719685482
-5.61548866095265
11796.744449966216
403.9879630003166
15880.505778027893
136.73955590454332
8774.912880924925
28725.97377574909
29277.821363321662
29633.244549801988
49539.633199433534
226.52319341214428
430.9527937383387
-1.6859033320494266
16287.214556218943
132075.32129780616
2912.331103870183
8686.230692316807
857.0264633866714
147419.92475834873
834.7519511981823
56003.041835806886
1440.6544681086607
4.458828298167483
8478.578997827617
46462.43536888643
660.7515763198161
61243.11411529254
20.721920868370088
25814.111967333818
2564.3999516521612
3360.5583644964554
1.2126065351407442
910.7746036800444
244341.04743517938
-7.922025901869571
25380.209558932253
1387.8741693518155
17.73831722316424
15326.371513287793
8092.368504548555
7148.402079551301
746903.7730417
2495.9040355901057
19565.664424130962
346.84224240568227
60099.437943079734
3533.5650117888495
2.022020369184802
17167.405841034135
45524.60872601421
5711.447093892627
19416.696935082262
2296.7239033376245
29123.419559897222
