9594.063201180674
864.3220394239688
21783.520269039338
556.9205215331237
28.906942599996082
1826.197487576669
23282.116624466114
9.121940302385731
3823.8137121791406
-9.589775145457844
2348.861982000467
-6.8886845058614545
213.17839755469888
307.7555939631617
0.34988982011182457
84499.05351821368
2707.6463351619327
1.5678491270306651
-2.703523946260967
4684.330772444475
4.136251434549355
350599.9773741522
2548.028508100497
8.188639916198177
19.003861565633823
823.3573062052809
45.6215347558757
2422.57491518655
253494.5967425372
21557.794339795473
-23.87121619377809
37.827160912262755
68.6929302068709
59.62581006027219
17351.888862145
56.534660441211116
276.53390723010597
4284.748232201517
356.99725745741944
169.98846586519056
6743.505448032657
21522.006834229287
368633.13885133626
-9.516269304473557
14793.858406602929
5897.250804269177
207.82872941017123
567.1912328014159
3.713905450905873
871.2599087517301
30.38068244079607
105.95630725753443
0.5809224436975935
149.999227913871
490.10400992943937
6801.215399045191
34304.09085342919
67.95622378495885
41.7553555043752
814.0961074104983
53705.52553022854
116.64879122651152
1328.8530688819342
-1.139946657123375
-17.98782008562568
-16.61199279769893
189.14939814003725
2.0920827826343737
11.962447802217042
6460.838209264529
5.461592544302371
24826.402775377068
382.21475115902007
425264.68707836245
1531.2613262681675
121.8491826658303
-0.5268577705939359
296651.52435635723
58.29907342286639
-5.22637799001624
106.76921468123471
3289.7888535954658
6186.251514664828
13.9808849977326
-0.08389904014551268
550.9223531928966
0.9619412153289157
168.65227745244238
736.863111839686
7.520035196247782
64.24042066518926
68.01287338853456
90.72127193764244
-1.86675939052554
-1.9876322089133343
487439.8556958649
35.78432019281578
1413.1797131060584
2071.811559977658
9.623135388217634
9572.334430217454
865.2874490520501
21786.451127087807
568.8607714850264
30.30620699093126
1827.8704828022348
23300.426339797785
3.6648720599352256
3823.9202744209174
-18.81640526540508
2339.9242905287365
-15.185118766749437
191.5787601993517
357.07427346329666
0.21024720569806155
84499.07668545684
2693.3792884818745
1.3315852047653511
-13.728688594368599
4679.461384385148
4.882105614449073
350603.0738898107
2537.3578643194005
25.488414931726673
50.8290438556497
845.7165130446999
57.12185587702738
2435.381825530477
253480.556882376
21563.42124629219
6.9584901174199025
41.61788050411938
68.60495726144575
80.29115860969885
17343.18119091462
68.02657486905
276.9781463257848
4288.762977686313
353.51417569684196
164.6069984584593
6748.072565816526
21524.2832799863
368636.6413833448
15.6777986730771
14823.360118064935
5886.508048924828
207.13097735650587
572.1925365329657
-2.859142984464668
884.5974749929677
29.982365541920547
106.35490420155465
14.542660893240665
137.3887950006265
500.9032829233322
6825.280633312482
34289.56545989317
48.29434468289464
-1.9570498322727623
814.6329836230742
53700.05033683984
104.56592952483315
1335.148972967495
-8.415941470689237
-7.825868031328412
-11.144245422419523
169.83779691515966
0.2649226536756392
2.628004856051171
6478.582042489655
-1.3509095475935582
24826.24939470849
378.7842156113511
425255.38072981
1541.3418216604878
147.8180707310168
-4.399186749082501
296676.13379570236
76.46699763979254
-0.5146527216205306
108.55936705414004
3305.379922222063
6173.89140630651
-2.3833871824177457
-5.530774181480461
558.4394008146027
9.089625180056196
145.65921401047564
745.4830735479483
2.9162322066947253
67.4662061000614
33.69773932256046
88.16640815769405
19.400743240924545
10.402969838641162
487434.87387578835
36.85189287153995
1401.0748558484904
2057.5642414337176
-7.342865439391953
9581.567656076393
863.5318328093483
21766.573534616502
558.2144737160296
45.301474829521176
1826.1331593823381
23318.786324549168
-3.420972874864884
3829.704121133082
1.1244858017279058
2352.659237409995
-3.4272265086524034
186.38465447926222
354.770875701126
-1.1123814289566878
84502.51590167281
2701.0388635801264
8.974855987825764
-3.7103622975883
4671.563974202719
1.4789977622205865
350622.9245673644
2539.225330430183
3.3989789622440774
41.95592668205209
844.409256442874
27.78358107800651
2427.0793265322436
253462.37457169278
21566.28221856017
16.76758254855248
53.951287870088805
89.27847841691256
68.22120290431182
17364.37702475089
31.98985107175315
271.0704546456478
4299.401142088265
334.2269704404016
165.0540911873846
6749.360922082938
21510.483404931125
368630.9594611793
-1.5533790949298676
14819.588143464538
5873.885144030981
210.06551134436722
584.6627227631178
-12.49010097372115
884.2612451672379
29.964169733644045
130.3184823029405
-4.275414504495544
135.75189270999735
493.28977351621376
6814.949490710632
34281.463710436474
27.130487579214304
30.168996081297013
806.2537503587434
53687.64107933731
122.20192239508444
1362.5948347543303
0.32221944641318684
-0.30244146859284393
-4.374193970842178
170.956658644906
0.313202630696596
-8.792727002262591
6465.715264074711
0.307002341493136
24831.35050126492
382.04979593592685
425272.6996338601
1544.2031836322237
124.99324981905386
-1.7005404125597414
296667.5903408516
60.68162932260064
-7.112135475943508
112.36363993801668
3314.5378695422396
6177.928118892251
-4.107085206871712
-1.5503919722953001
561.6811588397284
0.09734026922126982
157.455369233549
746.1706169722346
-0.18002239143457505
61.909565632841684
47.72103111319265
81.04357751138222
-9.644839979142802
7.0781203255292295
487438.60610021057
37.82811706317211
1396.5571650147008
2065.8490602936618
-0.30498564620221663
