9592.17861653063
853.6945516034731
21795.854613244705
553.6307328491869
15.759573325549258
1811.254455754139
23307.00481010447
9.327531449918018
3787.040819253606
-14.493798573248998
2376.1130130998504
7.195200523681274
162.63425658614798
328.1598410361381
18.31991358938661
84503.7915803178
2714.264641561378
1.60853377161957
4.1598109723099155
4672.29275826648
5.144772062242405
350606.88175613945
2529.5733093655267
-12.651159311033954
41.26409337794789
846.4912606708668
54.374097003267536
2427.1038333509428
253469.12306477217
21568.31020696494
0.9812535215861968
47.70366262668732
78.49298260224461
69.64962466957633
17345.66618377307
50.25480987520149
270.03758233516277
4264.826469880715
368.7314821129885
145.06406815381553
6773.615970877553
21513.222484782815
368604.81041036855
-13.642318071325883
14786.59843938597
5905.559158592205
198.7377020753408
602.8744616128968
-26.51861786255268
878.1939044937263
39.99836600781517
100.17860123576058
-2.96376226416027
134.96364338160603
493.358853342375
6817.539891457676
34287.97200269569
16.030447288495335
19.043694834424727
822.5256866563881
53699.66589194244
103.65331755481189
1321.536144221362
-7.111706590229118
2.309087400123
-1.8195241621418845
167.1789333541916
-13.611920409400797
14.397056070557095
6452.2640031826795
-0.26661144942711923
24835.786354399814
378.48035263653264
425272.5956659417
1558.347789599505
121.355072690437
27.25927686325948
296654.8045781492
55.183244475821006
-11.321031700631558
112.11076622236156
3304.289777985087
6167.0771985988
-6.78780604136655
0.17526653394907837
555.8890307841936
-3.316267155614738
154.8600354110325
742.2660402332875
1.5183448012754417
84.22819368408264
46.9208743047884
58.8634385302301
1.3568598876837357
5.438743919706459
487433.7788303061
40.009494159786726
1386.8203430208414
2054.768137546318
25.722782575683883
