9555.811556369541
925.4301566432171
21763.043496672908
517.6717931187505
87.78730614478867
1814.59224374636
23452.278734712436
-28.895640131928356
3872.9120678628146
21.999369836975823
2343.733771185593
-173.91724245211353
196.69409164022866
291.158786538982
29.393524404995716
84408.2980208224
2794.59128892596
29.92380945078137
-95.29524694148755
4709.984399839089
39.06263502445025
350421.00467847526
2504.0610528687594
78.24055907182259
189.87284716548206
816.5256955253451
145.26876429253616
2475.4189777087086
253531.84850833623
21654.877062518004
-126.50247630447895
171.78338840963139
126.02675146164479
150.5625929569556
17352.83526695823
99.35238040419168
377.0652590021926
4272.292397451948
371.3893219068284
223.50853847347474
6614.240859223704
21557.60848995901
368559.72790466365
-95.87978905856593
14779.693158663691
5888.986327399707
284.5387669810468
652.9213488633267
177.04319434459615
1189.1239691270057
12.68171367654492
145.96670400333238
-96.40799666302613
147.77166792020938
478.35190221356333
6828.507819265684
34412.84655739365
47.346562072706476
1.370145202683581
863.2609664478108
54172.77243635411
-168.68420476681393
1397.854797455076
-34.30362058390351
77.82138909146106
-227.949355438961
145.97945864334247
-61.91550340741575
58.04745318327888
6508.481800851623
132.0207569261976
24788.211721629003
408.13134164927067
425259.67245112715
1555.838174805784
146.73791857340274
-17.4375122740249
296700.53884545213
95.39579438757383
-62.454799795521275
-20.949470011438493
3342.7814155442584
6149.533365307255
131.65811763757682
-15.450032490703489
394.44944278516033
34.451094452258594
141.51355850108212
697.4156874125299
-6.526531666886736
-11.438085715756472
-70.84327992015501
70.3718154472793
-29.916443457918156
80.34492961121418
487384.44384328526
-10.701485390580288
1362.5835594178602
1780.2777602208764
199.50929527594894
