42.46223090494945
77.70085942170746
934.9153012573337
2072.5461116086017
11.772498176915951
8.585380583353428
-10.44305935607435
-10.642350217192286
6.702093598344552
2110.702847164412
18172.829709913363
199.99727619659978
8.837831572512256
81.67307029257887
1107.7656383700755
-9.401616897603299
11618.814138481092
0.1933192788760021
16.223209980649273
6.694951425664515
64.3525392119746
27.24065497350211
764.2770488440036
3037.654037771552
21.65794252548662
-11.581233216389201
102.66535938020665
12221.154142304222
70.76159659676672
84215.93257039307
469.5633564719655
49399.024064092475
6.54219164346601
1195.2384945203517
19111.861591848854
5545.155193046445
763.658669319298
15.366364177150755
229.6507464620659
-0.8860470267573923
166.88535731164595
3.6278519225500405
29.079353571319047
3.245146080161076
0.23933273330160754
-0.627056220229202
152.8436571447284
328811.6194533562
5.250844551900178
3556.251756034431
-17.316686740995713
39.67093010523833
41.02594434403875
4267.013109346378
955.5093598854033
8.984314652105821
5.7610015090380315
795.0084080324003
14.804908009626761
-4.276946942309152
2548.1172835900993
24.84204238533518
327.3125774744198
286.3392281356397
-4.365237335436514
788.2349209912579
59.39829736595652
-3.1876636271995418
795.5893053401328
5.9664391075158925
74.1132770372741
39741.63899637045
1789.562777528351
139.171545768511
1701.5628534065493
5.670033262262063
-14.04963253826935
12.554920442805829
4.448649843735595
519.6719781083071
7.293569294168478
57819.04883316996
2708.027828896679
94.11590607601481
-7.602172255203432
893.7776459233149
1836.7340698397745
1217.3257942277817
1719.7934016937427
537.628843418263
-9.532522373486541
102.7022696977329
39332.31933985259
26609.627566107036
11.749350753143522
267.120733232408
-9.635224983396533
477.31924283364447
8128.0287680409265
-2.8168317418035382
36.65024880479178
93.14123033612888
907.6864137451928
2081.0692957360347
4.374298509634974
-15.274477423522
19.280589748134865
-9.212670131879971
3.0004562701665694
2097.9938366228707
18147.534137782113
213.09964711586616
-2.021394680021853
72.10331220793377
1089.526917852577
4.579159741850081
11636.908578059827
20.081204196470754
1.0577367825155097
4.440023972502329
76.51446304356634
22.049953242117596
752.8999403519359
3033.220642358464
28.34838666291044
-4.816489279442384
111.55654069636915
12212.510950533762
80.1867579578154
84200.5958625162
469.88344325785755
49385.858652664836
5.7783144568211595
1206.5418985166534
19117.155115262914
5561.4664655549595
773.1601680733812
3.6132475857341313
238.66164202828358
23.54172164452882
165.41418216847185
2.1578262661744163
43.41006703202255
14.28930747414788
-1.9853060391026505
3.635922663447098
149.68578290192636
328818.9384902837
-0.3973956178645004
3547.3866417402187
-1.846970437157945
29.023344309700448
23.02237695272465
4275.306728912222
942.5282378406796
-0.11107014784321478
9.228267063539356
786.7566147099905
6.721523447577947
11.987477200504667
2537.616743186702
-11.17890906717042
319.79106679860797
290.42440135200127
4.141144828124208
766.8835230883075
55.92130359358607
23.018952925032085
773.0934381677206
10.396842766992945
76.34472224633055
39746.35184602952
1787.3420981028457
144.53174952176445
1696.2250829422317
-12.090806743160172
6.758884470563277
5.406097785712571
3.872534468332541
514.1247391259247
15.092133733325117
57818.43846196889
2715.4077255630964
93.49225885921231
-4.490911032453914
907.5233255862197
1853.0264717704815
1195.474242271139
1716.777536668065
524.991314537484
-3.4632283137530453
73.77288111311695
39329.94385313274
26603.46385347764
11.6304014912123
257.43863135758454
1.8313775966983232
483.0721286616938
8129.798573994337
-2.823937719118978
