24.21751832900177
73.45507754057927
957.3575752802948
2070.10132930153
-68.73497246976689
30.224169085232873
62.65685816469044
-139.40757146892238
20.10094482954331
2123.1475827565614
18235.024303928778
123.78588599078748
51.15666796262656
213.75967201703628
1052.430056722085
103.7368414120833
11714.425084318616
74.01090330364232
-16.726525092558045
1.5811631361412255
-125.16680859203478
4.534729938157188
673.430339909792
3096.091722439976
48.72059782577681
-90.02989143844177
143.46128145728403
12204.743708012778
35.72169236870308
84227.36165635163
503.9981168446553
49477.31023330997
-49.769214957686835
1188.326648581372
18974.589317062517
5699.390600780624
637.6709041451934
-14.371223404092866
187.54894918067285
108.16178385937803
195.22984162735048
-46.344993110092894
72.00804134587021
100.10781513995046
303.1450446970359
17.09216704215859
119.5872052295316
328877.36096845946
-24.800757779674775
3628.37657405925
5.945259875302968
-112.77872202296132
77.51961160116511
4391.000687004395
930.330556699275
-60.164049342723445
167.3602405643299
765.2182825693474
54.542535672109594
168.16762182745458
2505.3321136828336
-122.20449916537413
275.7883582543409
312.67358021491805
-5.7030138813678874
721.7585457129029
-2.0557754475857024
15.270871248682377
823.7159798079592
28.677619998295746
103.94146183349126
39761.30502797874
1670.201524117236
42.4298537110712
1613.3064625652346
82.50941815629056
-31.531573243218688
2.7787083027397124
-2.393197889744754
430.2037950674019
-45.63280626086628
57863.92678487559
2661.1041923634752
75.73605195848005
-82.99766150038613
920.137865956758
1890.089927967516
1232.8930589138902
1648.0498619240418
538.462118634187
-159.4582153874257
47.68764002409359
39200.75752416452
26554.01690759715
53.43831230386927
269.9789189399881
-55.4373951637463
449.348069282473
8159.495947158397
-9.485736418289513
