22.346981498328745
114.4912997006642
927.8834595274242
2085.804860882455
-1.2115822156094769
6.10025035499525
4.703547322938883
2.3444165138129023
8.315950611614438
2119.7282972809744
18181.475724338346
223.32020784013716
2.7044685333183924
78.97059168556058
1088.3917062909181
20.032541240186376
11643.582406164236
17.25417009493058
-5.362218863694293
5.061580421337377
50.373491418504535
16.767005289460222
803.6113363612682
3028.3254777337934
26.022217349994854
-2.304215193880836
122.74851527559312
12214.205901331901
78.94868406537866
84196.87536603089
495.9291452466066
49418.13558613925
18.589608377474423
1211.9667266385663
19108.4991535885
5567.726107149903
802.725409551002
10.23993184167464
257.87343454804494
5.1048967014751945
133.6031978359282
8.696959039996214
33.791341034581826
37.2432178508573
3.828579955754554
2.7525153294314157
155.16451294824395
328781.3802759814
-6.8028551310970755
3543.285986710937
4.958721944941416
28.670889531524544
47.40724872306224
4258.193735299661
965.1105430613538
-8.09402864894103
4.148353177323834
806.5379667363942
35.035809835750676
6.487698140823981
2526.8188107938463
-10.746639745832148
330.436544856397
291.29294224141114
-7.229320919916393
785.3793461481071
70.65367516268168
-17.81189375822963
777.2806197185778
2.8174603640934825
93.06865460419067
39727.68922558582
1788.3184566134078
133.26583406617948
1708.9283784535887
8.347026042420616
-7.77846112018811
14.14707745928922
10.680890709971123
513.8804935232208
-6.812327709449951
57826.173556497255
2692.0970249030047
100.99022179205868
0.6969060884481533
907.9000939222299
1852.3399955829893
1194.8859690272338
1755.7292759380293
512.5229957365128
-3.0772235278351645
77.24970118798956
39362.17610261827
26624.481659385652
37.6456663214115
262.42614250817724
0.8126302656481006
480.20499063715465
8136.538233828177
1.6665037566106147
