13813.954828749122
1883.1109581846854
8.062460414286722
79.79950911227951
-2.6782898525353644
0.3723817073890401
22.961471371652117
-17.070723176785794
33.403408093083904
28.73587663592986
18041.055704227932
1.1782746023121518
16.543210842671733
215.10400327769875
349.7312559808646
43.287351924526504
-7.742524459582412
-0.8978165573801347
59.8963394058664
89.83266769177044
3.7220943767708285
-4.184866691032996
-10.517120504110899
62.013604489480386
4.574415779553089
2.5940900200108636
22.373903889959475
4.4641529573351235
6.279561161114444
-4.984488274947573
61.65897594845729
-25.06299554246476
-3.2143695581046625
6.566871449643606
8.275804642483735
7461.023439774291
31.063114595878023
5.82545042920645
8239.509773155758
137.47715953433968
2.343025156184978
114.64830626865411
1280.8920877385524
1.8116089501176107
-3.7422096938910645
156.83440307908407
-8.406013649554485
-5.7441382596208195
675.7104212503174
4.91697164337541
137.51977060478438
-18.748370827033085
423.4651376527143
-19.87290321175085
1960.0523412329144
1.5336111296690453
172.40844987273766
-26.88091898919486
1018.686701508298
154.4284479183203
-12.843092530635737
6671.832790284799
-1.0876212641856609
124.92279737294322
26.742745265295635
51.57420694570974
2.921989892191253
1.9983767409415223
14.693520801629495
403.3554318432996
-23.475319144529884
2741.670543863776
968.2636091129231
-3.3087794610250882
774.6097997476639
111.77016601728643
13.653712995417614
4.5333458487731795
376.46447676655816
95.91675831505191
10.405804118331918
8213.066887894844
-21.716779867285766
65.48780956911293
31.77151230369417
1569.0052164902797
148.05443485188042
0.6135963709947091
23.457894384613972
-10.695768762914774
75.28926957114486
-7.15563965116316
-1.2055923538670408
139.27182042791333
9.699148602958822
25.274671201176922
1281.1073670122612
71.8310262219222
1436.6933073985604
5622.292593374243
13814.030552642367
1855.1089942780193
9.500943866506724
81.75435902324531
1.3052526850843906
-0.19059119128995414
-25.222813717271016
-6.082704929538584
24.07769497216493
6.093613944362014
18039.99396267658
9.101238452720697
26.917777259003895
228.05005349693207
359.6030807846464
37.722394898417264
7.860790876962808
4.366782211264944
57.82009392929068
70.34296397352053
3.9733347033583772
19.60514791547674
23.991966664781664
38.47370930493463
6.97078123751973
-3.859923471831978
0.49064298568468523
1.8869505101048443
6.179848751615194
0.4804701616114677
79.4155062241728
7.083573637880742
2.345811631260752
-7.439150715767382
-4.139689027130005
7483.0970230601515
22.480054469275988
26.21054278668899
8235.397305300325
150.0114528094529
-2.859009591390368
107.45677533259419
1282.659648940109
32.77198172503617
8.286801532883452
144.05608689924418
-6.276115423237104
2.3952284719876658
669.061088163093
6.5138820857661175
169.54536720152836
-13.491848550387184
422.729204027426
-1.5369213794094165
1943.1913851217087
-6.7835794762019725
173.64679517011686
6.610443305559616
1007.3902042008186
153.06140478887676
8.441433824789733
6686.425481480119
-14.507375690401206
162.53456288610505
13.055972648589222
63.554415531646576
-3.69051070578993
12.97581834186158
22.268663469668844
392.83421290808093
24.370360481153448
2712.924657404496
966.9229639286738
-2.7702976447849275
790.4688569280728
97.52276181121597
-3.3819924719146006
8.51506406581236
383.7091462622609
81.42193827473075
2.6298085018707553
8164.995622186856
2.2407798078167787
38.45779249133692
41.74666783863104
1557.3913528488233
154.75142660371696
4.027717983231456
2.941073984722954
-9.376243808387631
61.85875912338407
-11.713441213228574
-1.0035723479505347
128.3425343511717
7.269879315936213
-3.7382092305453796
1273.9583063206596
84.77143107862314
1461.0646540785888
5638.475859932311
13820.912316295018
1855.949716190113
-3.0380607261268846
75.07495121040202
-8.970846556557307
9.88916200473526
5.151061305295887
10.343571824589464
31.10547252925459
18.93215839217119
18043.486902871005
6.437753831808211
32.01774929780035
244.58061453789537
352.6688375363541
21.787816980084415
-16.074112508989796
26.30931100421851
64.80182416507452
53.631255275139836
3.130972265122361
13.29402783576634
0.9414320801228522
64.27123601285517
1.0528484416276358
1.4335763297934427
2.6363823772379495
3.2069667629500183
10.791746544816517
5.813698722902796
69.6865415387775
-3.7691088382044637
1.3369874097743804
3.2564291058355908
-0.5601538493134042
7451.600761404082
39.93166591921222
10.89156227469985
8237.352253637233
158.3330095875552
2.6851036086164695
94.41074166849262
1279.5672252300376
8.939278090671932
52.42760431809653
141.8094886306221
-3.2235392044890943
10.48008080266002
682.903966633855
5.196980657339337
132.3208133802988
0.4779205026439143
422.5476932538027
2.0773196346079597
1944.1027237175167
-12.7106090079203
165.7136750613548
4.023763471571318
1028.3252729973049
142.6896792667454
3.612398533893892
6657.189204176802
-2.1502008079847044
149.91262292259535
28.21672054725239
86.01472895418175
-10.659319398076315
0.5432785277155624
16.307354168932328
403.5226919629888
-1.339360148091566
2720.7771379116325
971.0257374413272
16.143734502332496
790.4014691613231
88.14830971608383
25.308713710658303
11.290395638377825
397.5929948667987
88.88478107451714
6.338084424807005
8168.1990449369605
-3.984576013020177
65.74115309907415
36.540461612113425
1563.6141074207826
150.0604171825151
0.5937763878059976
-6.804258322065049
0.23022988684051293
55.144627671242134
10.341059788754547
7.855879644089393
142.9917072231694
14.815949412512108
33.27921878360665
1265.903526766941
88.74987158723789
1450.5853135672753
5628.571559907573
13822.455706381192
1859.1903802006525
10.195430156374702
86.14765678586839
7.707930745956163
2.531209919957451
8.699232983822679
4.610960821246592
28.893207791030726
26.40786332698746
18033.854978997082
4.594359552124788
29.378873730771467
235.06574837866023
353.3168800238975
20.686691012530922
7.935292899800736
0.0008376449807849795
46.267298414841875
50.1921853354743
2.3858709526394697
14.404744148375453
2.6698106092889646
48.72331869882792
10.409833635780391
2.578193751954016
-2.5979664717972693
-9.893880379894895
16.703776708653606
12.741912544496882
50.69094696877227
-9.089001041691441
0.05680460377671178
15.558960404655569
-3.0786458066549303
7455.021836437191
30.499606814569674
28.5469819651088
8239.141271230143
130.5669822378731
-26.81158751938327
101.43270471642693
1267.1370695998748
-1.206320425467552
0.26475921420663795
135.81151667879453
-3.2425899116075523
-10.097855888127764
675.1730401005115
18.332066093071575
136.92086399033008
-5.576905446214798
427.3291926317965
-1.2311977997566639
1947.0368138324764
-17.166400691041524
185.89633225977647
-1.584117626816333
1036.346438770405
143.56772254191677
-3.0636925284540464
6677.558220299836
6.212051852465514
154.64579383100877
12.15911860760237
55.756426193774594
7.483137883743567
-12.585224876920176
15.435604438744974
399.19023818441923
4.0409106886614214
2731.0360233503234
977.1408108532034
-12.395957200759408
779.5359995864798
91.37289614806829
-8.011947212700647
-4.629861641126854
367.9754197317424
106.44739489243196
9.941881620097098
8188.392681095405
2.020937241196009
52.63117912750559
32.03679577155175
1556.2311331295548
181.75193163274764
0.3467722747592729
-0.07529884659134378
-2.911071169495433
70.71341786398885
10.580200508392046
-15.271810773500574
141.04337731680286
10.175010423091493
20.168521129467415
1277.9499757741335
88.90812693426194
1455.8048613733056
5636.732693608867
-2.7769161725195657
6.184104031192119
-5.201774780250463
339.958625821481
-0.512236379352256
-10.061965411245964
6.767363220014386
-1.4142411524557283
1.6384104291880386
12.104369299807965
-8.128561934821194
36.73803278718972
2.4215447002434005
0.5519904429556586
2821.568177960389
5.449196549229429
8.269769586014535
3.6005188565025064
16.172476631139254
38.8410781540551
15694.966842482043
163.27354221452782
49.571894898274635
-6.25902497934554
22.38350846665292
4.210199591067389
3900.953747033188
54.62399696637283
19.296975101381854
-5.659940294746251
1.8962657861887822
-1.2026602838533105
-0.8378692213484509
20.865354799344782
10.474187773726223
16.655145662750524
-0.8367555528200148
95.05332280009426
5.744286864255007
5979.228060820996
-5.95757683453708
-8.726849096377594
1963.5508472925635
10.229832993608847
75.68234965147234
695.6646611768945
-2.972792002293091
56.1900401424523
57.73372815462972
2.8475183558361272
8.547173698688288
18.70544153266241
23.51003655103153
270.7511756544105
40.71643835388762
33.33136751557285
-2.739310103233231
12685.75216937461
-1.095581862753197
46.78452257880837
1.488362789611135
811.2835695293164
-12.130437618760839
17.92247558061868
14.677916242662718
3.8763867394886287
380.81457991249044
0.40806980802530646
-0.09063838134083728
1.6077077605442252
-7.105931073001235
14.5777493815061
70.94306349802788
-3.221850884812218
-9.980977869319242
198.30799136274794
30.76688089329764
51.02282072360349
23.361850996339314
-1.323598562334838
35.213746858221896
122.86914777984893
9.19290264123067
64.13827694597671
3.603071501514234
-1.4226746767211031
192.8798480988659
-13.866277290690492
0.8497747868028618
32.123937821298405
-8.651655730151804
2.4408788774300887
18.518325991928474
45.79160130882216
-2.3360702778072002
172.88354488218076
-0.3186828986804906
17.775174056685238
2.8440698922095877
12.819937018659104
1.6237358345474082
3.027590342284355
1.0209190449167198
336.495330452452
-6.218307599026176
-7.46581099248084
7.363034545127714
15.145407600608731
-1.1975488753886099
11.868372662983994
4.211490241021006
38.97073982900973
7.622434975550433
0.21197380762064855
2802.647550303044
12.349346727934986
-2.805331039259133
11.803921437051471
33.39424842896726
41.81642976061383
15701.96115163841
155.51423143791155
35.409884826006916
8.700060082486639
27.219230152539254
12.927535959813708
3922.4707975121382
53.75572372724808
6.819280930635688
-1.5650032048258633
20.813810698659665
-14.644637445258978
-8.9924760711085
14.717943684207336
0.42464045086720387
5.731371452697804
7.9368181261209685
111.87353867589323
-11.387712534965928
5959.4468502393165
0.11648716292860452
-4.343851228975646
1973.697321094332
-4.177073671286756
83.73336438166969
701.7829484166391
2.9585687787279324
53.56879947881489
56.18712503627846
-2.8560507654178418
-3.0098119363661704
11.808412983096494
20.33596984441078
263.34407482845575
-0.9337445360750101
11.505146777147953
-32.82780581207273
12675.121986733137
4.2090384876845395
71.01935308933358
-2.2064262905144254
810.5964428781967
-6.426845473056179
19.060921520411107
3.013369164337073
6.051847241976671
374.3059553879422
9.035745980660785
2.9709252991771082
-0.9671086479453079
4.867980291730586
13.552808533854442
63.925190841213734
18.64915698685057
5.704287869324919
174.58599390231296
30.254052958355988
37.35533478839194
0.6507616648395516
-6.51671704075568
35.247580139838995
116.02122240468614
4.026585058647445
58.00512204826983
-1.2929897359317164
-19.984625722809245
204.1395713904124
-10.452931466237995
1.385763718628305
17.888202142016674
-2.442575568110071
1.5290848709549285
37.60711408032518
53.68884255034112
-6.76544569378067
170.7996674950344
-7.092639796376818
35.440925621159295
-5.154177555795063
15.724195792222826
