13822.29827899964
1887.2774599391403
-2.8753373132667353
81.86275948405564
-17.114768278029885
-1.8509999028519246
2.8970905949873513
9.581391687063107
16.38433585052195
7.071123974921802
18036.204150235164
3.4963326072068206
17.660025913818785
220.5562971001006
363.21894805788367
29.934457788014804
0.2875762062766558
0.5833811243704012
76.90849938290168
75.75136527152871
31.520597613572356
4.545505494307634
0.8748001067457047
69.67429880436697
45.97604791631652
-21.171044006706765
-18.580772612123894
0.7331523757523177
3.8436439699707625
14.026443483689047
46.246734726600366
0.174107800805378
16.31553386516639
0.57588727631411
15.037323314866338
7449.663681913892
34.01571659074441
2.3993876994477965
8240.130355848001
134.5639498549455
1.2779770530262717
90.53806666874443
1267.0229417068588
1.3258159650223948
4.921265520060504
129.94718461535552
-6.880202868909141
-22.24767586554838
684.5084498505674
6.098258557848651
145.08270751517605
-34.57872312197458
413.8572463731892
0.23158674210027214
1917.8662149266365
-1.4628146858436195
177.2948886074149
-0.1794307781846367
1024.8332083306282
134.95945254790598
11.524970393442182
6668.442697973571
-21.403208084423785
157.27673919592837
13.9734338709323
58.40136682489134
-14.633084810078255
11.431030960057914
16.334985391750966
398.6466554520035
7.090705362404092
2724.1814911588617
978.9523247025573
2.3584221972153
783.4570601712547
84.69885640424596
-2.75122048607566
11.388644361310217
390.39647439496946
79.51163346722853
0.3147217595991485
8181.9150599703435
-12.419719969106009
48.83879045527319
24.070654566222974
1567.0485809186594
146.02350792047045
-3.844420348465014
-9.638014130574964
-25.357086512407875
81.94409797292083
-15.43919259030168
3.197026908004505
114.27561967365426
4.97418484218497
0.320720450580783
1279.5706094296545
90.3717144857715
1477.4818027175443
5601.84775590792
