13835.226324627567
1816.7981606022456
69.81301134007124
73.13475119130146
5.896524742478718
21.04885878935392
-24.843416957996165
-90.98971547042416
22.159791327370563
-25.141847540894084
18064.91119956963
-11.40034886174965
10.90846282549705
210.0425816676892
414.986126543433
104.51450943972567
-13.333945685377905
-11.254597783898921
71.0606563603614
165.65353607995004
-23.711035177139586
40.387010376094274
-50.62966430915346
12.115335195131259
-69.64998496916196
43.88575330570665
2.840390142746259
60.51231511933534
1.7901515763774372
18.86842980432303
57.8937790517127
-107.47356517007796
54.116263235081874
-15.92026918923304
-33.15231059934132
7528.806432605932
-58.86409788840298
16.394765158600894
8176.678869526447
120.91917321947881
-24.82524244583286
77.8341286202335
1311.4475297857457
-11.487940533788604
6.693877576435472
128.8954647443405
9.087319530447013
-43.98712420163326
664.350174631659
-37.45895322851678
22.246804799031622
-64.24205406055918
378.1223497021075
-35.99278675192984
1949.3442295756295
-36.29838655461415
138.17090319459066
119.912946473544
1057.6490634529184
164.87510056438379
0.9426358367127528
6678.51307601689
-1.9483692482763975
195.30961712244925
-17.165622268989843
123.77089133730371
3.927906786165636
14.527971279199653
30.733566121921484
413.05854466678755
-24.04720934941727
2758.9779567417872
987.0993944099457
-36.04371385518589
791.0862269444993
118.63086821703675
-130.19957203416755
-75.91136443516332
387.33811764304403
153.83520352319726
48.33473277991444
8166.492053736535
-16.96966317595291
29.188943770711496
35.60573165075977
1559.5737413692032
292.63922692734366
4.9817940808507295
-7.564462524081176
40.20557825686454
5.0456064381980354
47.03470570581763
-4.012327927836443
83.64313884979396
16.212090772544393
-40.946565422592336
1297.012923207934
-3.6339765138096
1502.0405842249327
5610.39951205714
