-8.457208094007497
0.7213705440344166
-8.213566127600684
340.5436319003165
-10.015311942934687
-3.130041175180974
-5.944285750598077
6.119056323084416
74.98662726983575
-0.020775972378881402
5.073677768073338
39.9937463942082
77.7844530708037
0.7307528751165169
2810.44993934905
-39.0988067101457
16.971060925156035
-4.416522527587395
17.78531347957529
56.32353855666704
15717.934586250953
159.783365532904
53.05544992583479
63.50885443576303
69.1282900465291
1.3295844685398077
3919.4026727845
63.84716593155154
49.70412926961868
-9.531910176524198
0.6740218347313798
10.390766928186617
6.03398376581529
15.019401957093221
44.64640287144114
3.647871450962268
28.19471879499433
113.98763087012983
3.793550227424584
5926.100299435956
-26.770107565480416
-25.500740859947275
1946.9697352682072
-0.9619928535381659
60.343964365722215
716.7974805760987
-60.46735165303939
7.216761790064552
64.52895512651223
12.871664584880254
9.975256640276632
21.202884573358098
40.165371161301046
290.7241652230941
-50.99691637319253
-2.8577795725693242
0.7067590585165481
12710.74295723177
-12.61827485627663
82.33004037890326
25.929739356595515
818.4522884961489
-0.22651334962851336
-7.010912001158093
45.701318363985294
2.049206404285588
381.3989978593753
4.701032432598176
8.652366937490203
13.315265497060837
-11.469767753338726
5.194879256332144
46.922922162535556
96.35876254283333
-8.36599797715559
199.40661821128634
6.676670791785963
33.58123964422974
-9.443881166243665
-52.328649111052215
68.14311870808152
130.91975511125466
16.02203116467112
45.83700345561208
-0.902360350399281
-2.285347366809764
204.76556136628187
-8.449724416490945
-8.765945093165602
-3.0951368350393587
12.042056755196471
19.659409421692708
30.96271171781073
56.52947706419518
18.16014233422375
177.93353714082355
-26.92820043581757
41.94342860661191
45.22187366352268
-3.223229302061217
