1.723355398609792
20.337273466510844
-3.554703298514575
339.4476580830594
7.090303283333015
7.748188048711588
17.54621779609009
-2.7532140146699997
-3.8381428729286546
3.699331819883455
-0.28711877719408685
44.91889297371434
-6.145918570963092
5.472635063997663
2802.705012823697
-0.004397921406394533
0.05453834082514465
8.323303728562243
38.91004763507154
56.328962483075195
15696.66101989098
147.16168835096536
55.522649289337195
13.855041934416173
26.51499853813737
15.526944533231413
3917.3853019638805
36.88567504532882
4.264919455401529
-16.999575233114204
0.009629176274024376
5.230747997577454
0.7546848650041118
14.32462796476989
-1.1089660024578332
-4.066800418015946
-13.734743168120048
111.86026049133822
2.00172925371884
5957.334096369131
-11.013517207962881
-7.590288542807967
1974.9357945106915
0.9408790481461757
78.53744706178557
701.4040552778744
-1.9325084148420881
37.38256635593609
66.28692763997532
-17.901307281432643
2.5270326678149604
18.24260012147067
49.33457916008594
259.48999857800226
1.185394894300122
10.855747002954924
0.08535501539089253
12685.97715974679
2.947314144623318
82.7498310976925
6.639175433150378
812.2843235013958
-2.856805220238447
13.881854141327494
0.9412842076407557
10.45275280843306
374.3128566970805
-5.9758199383889234
-3.786565111256692
-9.482103910377699
-26.50746683615753
12.412884357231105
64.1895227338091
4.051638677063307
-15.183345307588944
186.12122293316958
38.50555725225229
36.11414657351335
-21.663300703866323
8.470859281892055
42.70655432942348
120.23801050278242
18.140067708519485
77.67935275104585
1.6507844757676668
6.518513605710054
187.85886397321644
12.612723412421708
2.4460263704935508
25.046176924536738
-0.30575023019217057
-39.26730365135584
6.809875378191892
57.381827440970234
-8.421791232342578
173.5233034463925
6.025139708223503
33.69357673836615
0.6184132976576712
14.612570635173249
