0.45066999038193734
11.653464020528958
-2.6869995167733323
335.65253673299674
7.795175753797944
15.010905413633903
-3.933811815846335
-0.8029328050228145
10.030992740720347
1.6152511148944892
1.3551808852308262
67.83039580276761
2.3085466586395715
8.347153031333978
2814.23553386115
-0.664847827883262
-10.991335520912981
-5.990974083609347
14.23881254893264
47.57506558678658
15722.271031061355
167.53702403343067
52.6566417252335
-3.1079988359150876
42.226541653875316
0.7473218934877535
3927.6441711751418
36.658817906881225
13.521251488516613
-16.150948998728126
12.782397212406796
6.279375115215837
-9.450947595530238
15.097593623946127
4.656881582201072
10.396758116095574
8.327480121929366
115.39366917171048
14.706124309824169
5970.883813422451
17.697623957211245
9.712849723210109
1952.7146001599838
14.72862392944897
82.54611270757418
701.8806371260353
-16.64434480448857
34.72527957083054
56.6433807429528
-6.86777896737992
7.634789442403118
7.4218757399935065
12.550229791991644
265.4354278999274
-1.1323854444522377
9.600352996561885
6.4254425747747685
12656.81061491284
-11.90555438698133
78.28537627880492
-1.7928300267319397
822.9052803335447
-16.46759155555037
-7.879010030679588
-2.8552586742861514
-7.843742468049221
398.0728317739314
24.110922649213027
5.645209813659595
2.6476145754363047
3.2816314413889165
14.433454053360355
71.94552533204585
7.922720442737159
0.9560885615626298
195.39392691478577
24.16202404489076
34.40605663519513
3.8265777915230537
2.6187885372852904
41.77925612439552
115.4265312372208
2.981545707764084
31.341458757739986
-36.256889718852165
-0.6439776097838096
185.75512677775424
-7.026001064381787
13.101423033941522
23.181280447789387
-7.519449205447897
6.344227863491291
13.832200600249195
50.644650441698985
0.7623181825013109
175.4816940578874
-23.716839993712107
49.905438757693794
-10.91594923521152
-1.77478667615671
