11.9809
-0.27203
1.90069
-1.92195
-0.372704
0.082173
0.711685
-3.13971
-2.07511
-1.35932
2.10986
-2.53089
-1.09292
-0.0548861
0.995195
7.01517
3.39866
0.632426
2.4441
2.20646
-7.54888
0.229959
2.86957
9.34718
8.05455
0.560062
-0.13084
-0.307162
-0.455126
-0.482441
2.20242
-0.789318
0.207218
0.701258
4.34174
-0.485084
-1.67236
-1.85882
-0.0811558
1.00869
-2.78821
-1.2079
-4.85633
-3.81348
-0.163955
2.5128
0.157737
1.50725
-2.57818
1.7388
-1.63884
-2.32507
-10.1001
-14.8029
-0.504627
0.484462
1.26062
1.03986
-2.28067
6.09461
0.570751
3.37213
-0.875186
4.37085
8.08214
-3.63515
1.18923
1.21103
-0.386726
-0.96372
-2.24923
-1.20656
0.0611695
1.7797
-1.3368
0.130319
0.175649
-4.5717
-1.34229
3.05978
-0.441532
0.521508
-1.26982
-0.491629
-0.312864
0.649582
2.38732
1.59609
0.324316
-1.8616
-0.0696203
-7.82203
-1.39872
0.738877
2.16964
-0.75555
0.0326761
4.12589
-1.02004
-0.0193197
2.44161
-4.58858
2.52355
-3.32395
-0.974819
1.00143
0.317723
3.92152
-5.41287
-0.912595
2.36529
-2.80899
-2.06206
-0.358488
1.921
2.06686
-2.01237
0.101472
2.33525
-0.0157484
-1.24737
0.418526
1.16264
-0.295808
-0.906631
-1.43367
-1.17337
0.101344
2.80452
0.614088
-2.21347
5.31303
-0.0692411
-0.788956
0.319298
3.12743
-4.57891
-3.70007
-0.208708
0.736406
0.116426
0.575466
-2.36808
0.91221
0.183796
1.21843
-6.75934
1.03637
-1.30162
-0.289025
1.87309
-1.47892
-2.27191
0.458041
-0.00360443
-3.03124
5.80327
-9.06709
-0.313721
4.58495
-0.129407
1.89281
-2.31728
-0.584766
-0.757332
1.85418
-2.30603
2.79957
3.02957
-1.33204
0.93001
-4.27647
1.11667
0.793126
2.54218
-1.25536
-2.21273
-1.0757
-0.447478
-1.36414
1.36462
2.48301
11.4675
4.20726
-1.89595
-2.44327
1.72951
2.92887
-0.225034
7.1154
2.96081
0.190767
-1.40414
-0.931371
-0.18179
3.82419
0.270632
1.81327
-0.996601
1.08702